This-Is-ELMATINFORM
This-Is-ELMATINFORM
AMBIENT:0,0,0,1,
DIFFUSE:0.8,0.8,0.8,1,
EMISSION:0,0,0,1,
REFLECTION:0,0,0,1,
SPECULAR:0.2991379,0.2991379,0.2991379,1,
TRANSPARENT:0,0,0,1,